
qingdao FL000 OH421 4 14 90 135 14 90 135
beijing FL001 YX399 2 16 95 118 16 95 118
shanghai FL002 DX643 1 11 51 126 11 51 126
shanghai FL003 OB890 5 9 50 135 9 50 135
shenyang FL004 MN489 4 16 71 109 16 71 109
xiamen FL005 XK069 6 9 59 192 9 59 192
haerbin FL006 LH702 6 9 49 200 9 49 200
shanghai FL007 JV531 2 14 76 101 14 76 101
sanya FL008 AO695 7 9 51 181 9 51 181
guangzhou FL009 AI476 5 11 85 161 11 85 161
beijing FL010 RU941 6 10 45 177 10 45 177
qingdao FL011 YD290 6 8 55 110 8 55 110
guangzhou FL012 FW790 6 10 86 174 10 86 174
tianjin FL013 VF407 5 15 56 137 15 56 137
kunming FL014 TV922 2 15 41 114 15 41 114
shenzhen FL015 VU117 4 8 68 139 8 68 139
shenzhen FL016 QK639 2 9 86 153 9 86 153
chengdu FL017 BB359 1 8 86 176 8 86 176
xiamen FL018 SR342 5 15 47 139 15 47 139
haerbin FL019 AH315 7 12 55 111 12 55 111
shijiazhuang FL020 XF396 6 8 53 156 8 53 156
chengdu FL021 MS355 1 14 87 156 14 87 156
beijing FL022 JF540 7 15 95 132 15 95 132
xian FL023 DG034 5 10 95 181 10 95 181
guangzhou FL024 SR814 3 11 41 112 11 41 112
tianjin FL025 WP536 7 11 90 143 11 90 143
changsha FL026 YE815 6 13 74 184 13 74 184
beijing FL027 DX441 3 13 76 170 13 76 170
shenzhen FL028 OO960 5 13 50 161 13 50 161
kunming FL029 FA108 7 11 73 106 11 73 106
xiamen FL030 AG637 3 14 82 111 14 82 111
jinan FL031 VW320 4 14 46 114 14 46 114
xian FL032 VT877 2 14 97 149 14 97 149
haikou FL033 MP239 2 14 96 131 14 96 131
chengdu FL034 OX396 1 10 81 125 10 81 125
kunming FL035 QP030 1 10 46 141 10 46 141
shanghai FL036 LO387 3 10 53 189 10 53 189
shenzhen FL037 OB328 3 9 84 146 9 84 146
qingdao FL038 KX926 7 9 54 170 9 54 170
changsha FL039 AE475 1 13 44 183 13 44 183
shanghai FL040 YP219 6 14 82 161 14 82 161
kunming FL041 KM990 1 11 71 119 11 71 119
dalian FL042 QJ320 1 15 51 102 15 51 102
sanya FL043 UB342 6 10 90 168 10 90 168
huangshan FL044 PF127 5 12 43 132 12 43 132
shenzhen FL045 OW753 5 8 45 171 8 45 171
shenyang FL046 FD221 6 8 47 175 8 47 175
shenzhen FL047 OR171 2 8 49 100 8 49 100
changsha FL048 MI823 6 16 44 129 16 44 129
guangzhou FL049 RW182 4 8 44 150 8 44 150
tianjin FL050 MY190 1 14 56 153 14 56 153
guangzhou FL051 LK785 1 14 90 140 14 90 140
shenyang FL052 XX653 5 12 78 120 12 78 120
guangzhou FL053 HT624 7 16 66 177 16 66 177
guangzhou FL054 ZZ355 4 9 61 158 9 61 158
shijiazhuang FL055 AK758 2 10 91 149 10 91 149
xiamen FL056 BO751 3 9 81 130 9 81 130
beijing FL057 QC978 5 12 67 196 12 67 196
kunming FL058 TV182 3 9 77 197 9 77 197
guangzhou FL059 PS372 5 15 79 100 15 79 100
kunming FL060 RS541 3 15 41 187 15 41 187
guangzhou FL061 YU676 1 9 65 136 9 65 136
jinan FL062 MM308 1 15 46 144 15 46 144
shenzhen FL063 HX725 1 9 46 119 9 46 119
beijing FL064 VN203 5 12 78 134 12 78 134
shenyang FL065 AY002 5 10 66 149 10 66 149
shanghai FL066 ES093 2 10 73 119 10 73 119
xiamen FL067 HZ042 5 12 69 191 12 69 191
shenzhen FL068 MD384 7 12 93 178 12 93 178
beijing FL069 XT179 4 16 42 106 16 42 106
shenyang FL070 OE609 3 13 72 112 13 72 112
guangzhou FL071 ZF225 1 14 62 122 14 62 122
fuzhou FL072 HM481 4 14 45 152 14 45 152
kunming FL073 AK910 5 16 58 117 16 58 117
shenyang FL074 FD337 6 11 56 132 11 56 132
tianjin FL075 IR618 3 16 59 175 16 59 175
qingdao FL076 ST335 1 8 51 166 8 51 166
tianjin FL077 ZS187 6 9 76 155 9 76 155
guangzhou FL078 YR450 5 8 75 175 8 75 175
beijing FL079 LS977 5 13 86 171 13 86 171